9 0 219 0 1 0
9 0 219 0 1 0
9 0 223 0 1 0
9 0 223 0 1 0
9 0 223 0 1 0
9 0 223 0 1 0
9 0 223 0 1 0
9 0 223 0 1 0
9 0 288 0 1 0
9 0 288 0 1 0
9 0 288 0 1 0
9 0 288 0 1 0
9 0 288 0 1 0
9 0 288 0 1 0
9 0 305 0 1 0
9 0 305 0 1 0
9 0 305 0 1 0
9 0 305 0 1 0
9 0 305 0 1 0
9 0 305 0 1 0
9 0 305 0 1 0
9 0 305 0 1 0
9 0 3549 0 1 0
9 0 3549 0 1 0
9 0 3549 0 1 0
9 0 3549 0 1 0
9 0 3549 0 1 0
9 0 3549 0 1 0
9 0 3549 0 1 0
9 0 3549 0 1 0
9 0 3663 0 1 0
9 0 3663 0 1 0
9 0 3762 0 1 0
9 0 3762 0 1 0
9 0 3766 0 1 0
9 0 3766 0 1 0
